THE PERFECT RUN ON OLD PATCH : 248.702026
LORENZO     :     122.311913
YAS  :  121.736084
YAKSHIN     :     80.120121 