LORENZO   :   122.311913
YAKSHIN   :   80.120121SCOREB WA BWAAAAA : 53.876564