THE PERFECT RUN ON OLD PATCH    :    248.702026
WOW   :   202.923431
FW  :  170.217911
LORENZO        :        122.311913
YAS     :     121.736084
YAKSHIN        :        80.120121 LASFASAGASG : 17.518345