LORENZO  :  122.311913
YAKSHIN  :  80.120121SCOREB WA : 65.710327